253,331,406,505
